0	15547032	16
000	3579086	1
0077	15547032	1
08	23488527	2
0st	15547032	2
0t	15547032	10
1	15547032	2
1	8021609	1
1	15547032	2
1	38966582	1
1	15547032	1
1	38966582	1
1	15547032	2
1	38966582	1
1	15547032	2
1	38966582	3
1	23488527	1
10	15547032	2
10	38966582	1
100	15547032	3
100	23488527	1
1000	15547032	1
103	15547032	2
107	15547032	1
108	15547032	2
10s	3579086	1
10th	38966582	1
11	15547032	1
11	23488527	2
111	15547032	2
112	38966582	4
113	15547032	2
116	38966582	2
117	15547032	2
118	15547032	1
119	15547032	3
11th	38966582	1
12	38966582	1
12	15547032	1
12	38966582	1
12	15547032	1
12	23488527	1
125	38966582	1
126	38966582	1
13	38966582	2
135	38966582	2
1398	15547032	1
14	38966582	1
144	15547032	1
145	38966582	1
148	15547032	1
149	15547032	1
15	8021609	1
15	15547032	1
15	8021609	1
15	3579086	1
150	15547032	2
151	38966582	1
151	15547032	1
152	15547032	1
152	38966582	1
155	38966582	2
156	38966582	1
1595	38966582	1
16	15547032	3
16	3579086	5
160	15547032	1
161	15547032	1
163	15547032	1
165	15547032	1
1650	38966582	3
166	15547032	2
168	15547032	2
17	15547032	1
170	15547032	1
171	15547032	1
18	23488527	4
1800s	38966582	1
1807	3579086	3
1818	8021609	1
1827	3579086	2
1839	3579086	1
184	15547032	1
1847	38966582	1
1849	3579086	2
185	15547032	1
1850	62397582	1
1851	3579086	1
1854	62397582	1
1854	3579086	1
1863	15547032	1
1863	38966582	1
1868	15547032	5
1870	3579086	1
1870s	15547032	1
1871	15547032	1
1872	8021609	2
1873	15547032	1
1874	8021609	2
1875	3579086	1
1880	62397582	2
1880	15547032	1
1880s	15547032	1
1885	15547032	1
1885	62397582	1
1886	15547032	1
1889	3579086	3
1894	15547032	1
1896	8021609	1
1897	8021609	1
1897	15547032	1
1898	15547032	1
1898	8021609	1
19	8021609	1
19	15547032	1
19	23488527	1
1900	3579086	1
1900	38966582	1
1900s	15547032	1
1900s	28380942	1
1901	3579086	1
1902	3579086	1
1903	3579086	3
1903	8021609	1
1903	15547032	1
1903	8021609	1
1904	8021609	3
1905	62397582	1
1906	15547032	1
1907	15547032	1
1908	15547032	2
1912	15547032	3
1914	8021609	1
1915	62397582	1
1917new	15547032	1
1920s	15547032	1
1922	38966582	1
1923	15547032	1
1923	8021609	1
1924	15547032	2
1925	15547032	1
1926	15547032	1
1927	8021609	2
1927	15547032	1
1928	38966582	2
1929	38966582	1
1930	38966582	1
1930	3579086	1
1930s	38966582	1
1930s	8021609	1
1930s	15547032	1
1931	15547032	1
1932	15547032	2
1932	8021609	1
1933	8021609	1
1936	38966582	1
1937	15547032	1
1939	38966582	1
1939	15547032	1
1939	38966582	1
1939	23488527	1
1940	62397582	1
1940	28380942	1
1941	38966582	1
1943	15547032	1
1943	8021609	1
1948	8021609	3
1949	38966582	1
1949	15547032	1
1949	38966582	1
1949	62397582	1
1950	38966582	1
1950s	15547032	2
1950s	38966582	1
1951	15547032	2
1952	8021609	1
1953	8021609	1
1954	15547032	1
1957	15547032	1
1958	38966582	6
1959	38966582	2
196	8021609	1
1960	15547032	1
1960s	20016047	4
1960s	15547032	1
1961	38966582	2
1962	8021609	1
1962	38966582	1
1963	8021609	3
1964	15547032	1
1964	8021609	1
1964	15547032	1
1965	20016047	4
1965	15547032	1
1965	20016047	2
1967	38966582	4
1968	38966582	2
1968	15547032	1
1968	38966582	1
1968	15547032	1
1968	38966582	1
1969	38966582	1
1970	38966582	4
1970s	38966582	1
1971	15547032	2
1972	38966582	1
1973	20016047	2
1974	38966582	1
1974	15547032	1
1974	38966582	1
1975	38966582	1
1977	38966582	1
1977	8021609	1
1978	38966582	1
1979	28380942	1
198	15547032	2
1980	28380942	1
1980s	38966582	1
1982	38966582	2
1983	15547032	1
1983	38966582	1
1984	8021609	1
1986	8021609	1
1988	15547032	1
1989	38966582	5
1989	3579086	1
199	15547032	1
1990	8021609	2
1990	15547032	1
1990	3579086	1
1990s	23488527	2
1990s	24604084	1
1991	15547032	1
1995	24604084	1
1996	23488527	1
1998	23488527	5
1998	24604084	3
1999	8021609	1
1999	23488527	1
19th	62397582	1
2	38966582	2
2	15547032	1
2	38966582	1
2	15547032	1
2	38966582	3
20	28380942	1
20	15547032	1
20	38966582	2
20	23488527	3
20	3579086	1
200	15547032	1
2000	8021609	1
2000	28380942	1
2000	3579086	1
2001	24604084	1
2001	8021609	2
2002	38966582	1
2002	15547032	1
2002	3579086	4
2003	38966582	1
2004	15547032	2
2005	23488527	1
2006	3579086	1
2006	23488527	1
2008	23488527	1
2008	3579086	1
200px	15547032	1
2010	3579086	1
2010	23488527	1
2014	38966582	1
2015	23488527	4
2016	3579086	1
2016	20016047	1
2017	15547032	3
2017	3579086	5
2018	15547032	2
2019	15547032	1
202	8021609	1
2020	38966582	1
2020	3579086	2
2020	23488527	1
2020	3579086	2
207	38966582	1
208	15547032	1
20s	3579086	1
21	3579086	1
212	15547032	1
213	15547032	1
218	15547032	1
22	15547032	3
221	15547032	1
222	15547032	1
226	15547032	1
22nd	15547032	1
23	23488527	1
237	38966582	1
238px	8021609	1
24	8021609	1
24	15547032	1
24	23488527	2
24	3579086	1
24th	38966582	1
25	15547032	2
25	38966582	2
25	23488527	2
26	38966582	1
27	3579086	1
28	24604084	1
28	38966582	1
295	8021609	1
2ft	15547032	1
2nd	15547032	1
3	38966582	1
3	15547032	1
3	38966582	1
3	15547032	2
30	38966582	2
30	8021609	1
30	15547032	1
303	38966582	1
30th	38966582	3
31	15547032	2
31	3579086	4
321	38966582	2
322	38966582	4
34	38966582	1
344	15547032	1
38	15547032	1
38	38966582	1
392	15547032	1
393	15547032	1
396	15547032	1
4	15547032	13
4	38966582	1
4	15547032	16
40	38966582	1
40	49495844	1
400	15547032	1
407	15547032	1
423	15547032	1
428	15547032	1
42nd	38966582	1
441	38966582	1
442	15547032	1
44th	38966582	2
45	49495844	1
465	15547032	1
46th	38966582	1
47th	38966582	1
48th	38966582	13
49	38966582	1
5	15547032	2
50	15547032	1
50	38966582	1
505	15547032	1
51	8021609	1
511	15547032	2
51st	38966582	2
520	15547032	1
52nd	38966582	3
53rd	38966582	1
54	38966582	1
54th	38966582	1
58th	38966582	1
6	38966582	1
60	8021609	1
632	15547032	1
649	15547032	1
661	15547032	1
684	15547032	1
689	15547032	1
699	15547032	1
6d	3579086	1
6s	3579086	1
6th	38966582	1
7	15547032	1
7	8021609	1
70	8021609	1
70	3579086	1
700	8021609	1
723	38966582	1
724	15547032	1
729	38966582	1
730	15547032	1
787	38966582	1
799	38966582	5
7s	3579086	1
7th	38966582	9
8	15547032	1
800	15547032	1
802	38966582	1
84	28380942	1
90	38966582	1
914	38966582	4
9571	15547032	1
a	38966582	1
a	49495844	1
a	20016047	1
a	38966582	1
a	24604084	1
a	38966582	1
a	15547032	2
a	24604084	1
a	20016047	1
a	15547032	4
a	38966582	1
a	15547032	2
a	38966582	1
a	20016047	2
a	15547032	2
a	20016047	1
a	15547032	1
a	38966582	1
a	28380942	1
a	38966582	2
a	20016047	1
a	38966582	1
a	20016047	1
a	15547032	1
a	24604084	1
a	8021609	1
a	38966582	1
a	8021609	1
a	15547032	3
a	38966582	2
a	15547032	1
a	38966582	1
a	15547032	1
a	38966582	1
a	15547032	1
a	28380942	1
a	38966582	2
a	49495844	1
a	15547032	1
a	38966582	1
a	20016047	1
a	38966582	3
a	20016047	1
a	15547032	1
a	24604084	1
a	38966582	3
a	24604084	1
a	38966582	1
a	15547032	1
a	49495844	1
a	15547032	1
a	38966582	1
a	8021609	1
a	38966582	1
a	15547032	2
a	38966582	3
a	15547032	1
a	24604084	1
a	15547032	1
a	38966582	1
a	28380942	1
a	15547032	1
a	38966582	1
a	15547032	1
a	38966582	4
a	15547032	1
a	8021609	1
a	38966582	2
a	8021609	2
a	38966582	2
a	15547032	1
a	38966582	1
a	15547032	2
a	38966582	2
a	8021609	1
a	28380942	1
a	8021609	1
a	15547032	1
a	38966582	1
a	15547032	1
a	38966582	1
a	8021609	1
a	38966582	1
a	15547032	1
a	38966582	2
a	15547032	2
a	8021609	1
a	15547032	2
a	38966582	1
a	28380942	1
a	15547032	1
a	38966582	2
a	8021609	1
a	38966582	4
a	23488527	5
a	3579086	4
a	23488527	1
a	3579086	1
a	23488527	2
a	3579086	1
a	23488527	1
a	62397582	1
a	23488527	2
a	3579086	1
a	23488527	3
a	3579086	3
a	23488527	1
a	62397582	1
a	23488527	1
a	3579086	1
a	62397582	1
a	23488527	2
a	3579086	2
a	23488527	2
a	3579086	1
a	23488527	1
a	3579086	1
a	23488527	5
a	62397582	1
a	3579086	1
a	23488527	3
a	3579086	3
a	23488527	1
a	3579086	2
a	23488527	2
a	3579086	1
a	23488527	1
a	3579086	1
a	23488527	1
a	3579086	1
a	23488527	3
a	62397582	1
a	23488527	1
a	3579086	1
a	23488527	1
a	3579086	1
a	23488527	3
a	3579086	1
a1	38966582	1
a2	24604084	1
ab	15547032	2
abandoned	8021609	1
abbey	38966582	1
abducts	23488527	1
able	23488527	1
abner	15547032	1
about	24604084	1
about	8021609	1
about	38966582	1
about	8021609	1
about	24604084	1
about	23488527	3
absence	24604084	1
acblack	3579086	1
accept	23488527	1
access	24604084	1
accessed	15547032	1
accommodated	38966582	4
according	38966582	2
acp	49495844	1
acquired	3579086	2
acquisitions	3579086	1
acronym	38966582	1
across	15547032	1
act	23488527	1
acting	23488527	1
actor	23488527	3
actress	23488527	3
actresses	23488527	1
actually	38966582	1
adam	3579086	4
adavadi	23488527	2
added	38966582	1
addey	38966582	1
adlard	3579086	1
administration	15547032	1
administrator	15547032	1
admitted	23488527	1
aestheticization	23488527	1
affairs	8021609	3
affiliated	8021609	1
affordable	8021609	1
after	15547032	1
after	8021609	1
after	15547032	1
after	38966582	2
after	15547032	1
after	38966582	1
after	23488527	7
after	3579086	1
after	23488527	3
again	23488527	1
again	8021609	1
agathon	8021609	2
agency	8021609	1
ago	38966582	1
aiken	38966582	1
aka	38966582	1
aka	8021609	1
al	38966582	1
albert	38966582	1
album	23488527	1
albums	38966582	1
alcoholic	23488527	1
alfred	15547032	1
alice	8021609	1
all	24604084	2
allan	15547032	1
alleged	23488527	1
allegro	38966582	1
allen	38966582	1
allowed	24604084	1
almanac	3579086	1
almanack	3579086	4
almost	15547032	1
alone	15547032	1
alone	38966582	1
along	23488527	1
also	3579086	1
also	23488527	2
also	3579086	1
also	28380942	2
also	38966582	1
also	28380942	1
also	15547032	1
also	38966582	1
ambasamudram	62397582	1
america	38966582	2
american	38966582	2
american	8021609	1
american	38966582	2
american	8021609	1
ami	38966582	1
among	28380942	1
an	15547032	1
an	38966582	1
an	15547032	1
an	38966582	1
an	15547032	1
an	38966582	1
an	28380942	1
an	38966582	1
an	28380942	1
an	38966582	2
an	15547032	1
an	23488527	7
anbea	23488527	1
ancient	3579086	1
and	3579086	1
and	23488527	1
and	3579086	2
and	23488527	1
and	3579086	2
and	23488527	2
and	3579086	3
and	23488527	5
and	3579086	2
and	23488527	1
and	62397582	1
and	23488527	3
and	3579086	2
and	23488527	1
and	3579086	1
and	23488527	2
and	3579086	1
and	23488527	4
and	62397582	1
and	23488527	1
and	62397582	2
and	23488527	1
and	3579086	1
and	23488527	4
and	3579086	1
and	23488527	3
and	62397582	1
and	3579086	1
and	23488527	1
and	3579086	1
and	23488527	1
and	3579086	1
and	23488527	5
and	62397582	1
and	23488527	6
and	3579086	1
and	23488527	2
and	3579086	1
and	23488527	2
and	24604084	1
and	8021609	1
and	15547032	1
and	38966582	2
and	8021609	1
and	38966582	1
and	15547032	1
and	38966582	2
and	15547032	3
and	20016047	1
and	38966582	1
and	15547032	3
and	28380942	1
and	15547032	2
and	38966582	2
and	15547032	1
and	28380942	1
and	38966582	1
and	15547032	1
and	8021609	1
and	15547032	1
and	49495844	1
and	38966582	1
and	8021609	1
and	15547032	3
and	38966582	1
and	8021609	1
and	38966582	1
and	15547032	2
and	38966582	1
and	15547032	1
and	8021609	1
and	15547032	1
and	38966582	3
and	15547032	1
and	38966582	1
and	8021609	1
and	38966582	1
and	8021609	1
and	38966582	1
and	8021609	3
and	15547032	1
and	38966582	2
and	28380942	1
and	38966582	2
and	8021609	1
and	38966582	3
and	28380942	1
and	8021609	2
and	28380942	1
and	8021609	1
and	38966582	2
and	49495844	1
and	38966582	3
and	8021609	1
and	15547032	1
and	38966582	1
and	15547032	2
and	38966582	3
and	8021609	1
and	38966582	1
and	15547032	1
and	38966582	3
and	15547032	1
and	28380942	1
and	38966582	2
and	15547032	1
and	38966582	1
and	8021609	1
and	15547032	3
and	38966582	1
and	15547032	1
and	38966582	3
and	8021609	1
and	20016047	1
and	8021609	1
andhra	23488527	2
andrew	62397582	2
andrew	3579086	1
andrew	62397582	1
andré	38966582	1
andy	38966582	3
angels	38966582	1
animated	20016047	5
anne	38966582	1
annotations	38966582	1
annual	3579086	1
any	23488527	1
any	15547032	1
apartment	8021609	1
apartment	38966582	1
april	8021609	1
april	15547032	1
april	3579086	5
ar	15547032	1
araki	24604084	2
archana	23488527	8
archibald	3579086	1
architects	28380942	1
architectural	28380942	1
architecture	28380942	1
archive	8021609	1
archive	3579086	5
arden	3579086	2
are	23488527	5
are	3579086	1
area	38966582	1
aretha	38966582	1
armenian	8021609	1
armenian	38966582	1
armenian	8021609	2
armenians	8021609	1
arnold	38966582	8
around	38966582	1
around	23488527	1
around	3579086	1
arrest	24604084	1
arrested	23488527	2
arshag	8021609	5
art	28380942	2
artemis	8021609	1
arthur	38966582	6
article	23488527	1
artist	3579086	1
artist	38966582	1
artists	38966582	3
artists	3579086	1
as	23488527	1
as	3579086	1
as	23488527	4
as	62397582	1
as	3579086	1
as	23488527	6
as	8021609	1
as	28380942	1
as	8021609	1
as	28380942	2
as	20016047	1
as	15547032	1
as	24604084	1
as	38966582	1
as	8021609	1
as	28380942	1
as	15547032	2
as	8021609	1
as	38966582	1
as	28380942	1
as	15547032	1
as	38966582	4
asahara	24604084	1
asia	15547032	1
asking	23488527	1
asks	23488527	1
assault	23488527	1
assaulted	23488527	1
assistant	23488527	1
associated	38966582	2
association	8021609	2
association	38966582	1
at	38966582	5
at	15547032	1
at	38966582	2
at	24604084	1
at	38966582	3
at	8021609	1
at	15547032	3
at	8021609	1
at	15547032	1
at	8021609	1
at	20016047	1
at	15547032	1
at	38966582	1
at	15547032	2
at	8021609	1
at	38966582	1
at	15547032	1
at	8021609	1
at	38966582	1
at	3579086	5
at	23488527	2
at	3579086	4
at	23488527	2
at	62397582	1
at	3579086	1
atlantic	38966582	1
atlantic	28380942	2
atlantic	38966582	1
atlas	3579086	1
attack	24604084	1
attended	8021609	1
attributed	38966582	1
auckland	15547032	7
audience	23488527	1
audio	38966582	1
august	23488527	2
aum	24604084	4
author	38966582	1
autobiographical	23488527	1
automatic	49495844	1
automobile	28380942	1
available	49495844	1
avatar	38966582	1
avenue	38966582	6
avenue	8021609	1
avenue	38966582	7
avocation	38966582	1
award	23488527	6
awards	23488527	1
away	8021609	1
away	38966582	1
b	20016047	1
b	38966582	1
b	49495844	1
b	15547032	1
b	38966582	2
b	49495844	1
b	23488527	3
bacharach	38966582	2
back	38966582	1
back	15547032	1
back	23488527	2
back	3579086	1
background	23488527	1
background	20016047	1
badly	23488527	1
bail	23488527	1
bailing	62397582	1
bait	23488527	1
ballet	3579086	2
band	38966582	1
bangalore	23488527	1
banke	38966582	1
bar	38966582	2
barnes	38966582	1
barry	38966582	1
base	15547032	1
based	38966582	3
based	49495844	1
based	15547032	1
based	3579086	2
based	23488527	1
basement	38966582	2
battery	15547032	1
bay	15547032	2
bay	8021609	1
bay	15547032	1
bb	15547032	2
be	38966582	1
be	8021609	1
be	15547032	1
be	23488527	5
beach	15547032	4
bear	23488527	1
beatles	38966582	1
became	38966582	3
became	23488527	2
because	28380942	1
been	38966582	2
been	28380942	1
been	38966582	1
been	8021609	1
been	15547032	1
been	23488527	1
before	38966582	2
before	8021609	1
before	24604084	1
began	20016047	1
began	8021609	1
beginning	38966582	1
beginning	3579086	1
being	23488527	1
being	28380942	1
being	15547032	1
being	28380942	1
being	15547032	1
bell	38966582	1
benevolent	8021609	1
besant	3579086	1
best	23488527	6
between	23488527	1
between	3579086	1
bhushan	23488527	1
bibliography	3579086	1
bibliography	38966582	1
bibliophiles	3579086	1
big	23488527	1
billy	38966582	2
birdland	38966582	1
black	3579086	32
blackmails	23488527	1
blauvelt	38966582	2
blenheim	15547032	1
block	38966582	1
bloombergabout	15547032	1
bloomsbury	3579086	5
blues	38966582	1
bnp	38966582	1
board	15547032	3
bob	38966582	4
bogies	15547032	1
boiler	15547032	1
bongiovi	38966582	1
bono	38966582	1
book	15547032	1
book	3579086	7
books	3579086	19
born	62397582	1
born	38966582	4
borough	8021609	3
both	49495844	1
both	15547032	1
both	38966582	2
both	3579086	1
bought	38966582	1
bought	15547032	3
bought	38966582	1
box	23488527	3
boyfriend	38966582	1
bradley	15547032	1
branch	15547032	2
branigan	38966582	1
bribed	23488527	1
brierley	15547032	1
bring	23488527	1
brings	23488527	2
britannica	3579086	3
british	3579086	1
broadlooms	8021609	1
broadway	38966582	4
brodie	3579086	1
brodsky	38966582	1
broke	15547032	1
brooklyn	38966582	1
brooks	38966582	3
brothers	15547032	1
brothers	38966582	1
brothers	15547032	2
brothers	62397582	3
brown	38966582	3
bruce	38966582	1
bruce	8021609	1
bruce	38966582	1
brutal	23488527	1
bucky	38966582	1
budget	38966582	1
build	38966582	1
building	38966582	1
building	8021609	1
building	38966582	1
building	8021609	1
building	38966582	1
building	15547032	1
building	28380942	1
building	38966582	5
building	28380942	3
building	38966582	2
building	23488527	1
buildings	28380942	2
buildings	38966582	1
buildings	15547032	1
buildings	28380942	3
built	15547032	4
built	38966582	1
built	15547032	4
built	38966582	1
bungalow	23488527	1
burning	23488527	1
burt	38966582	2
bus	15547032	1
buses	15547032	1
bush	15547032	4
business	15547032	4
business	62397582	1
business	23488527	1
business	3579086	1
business	62397582	1
businesses	15547032	1
businessman	23488527	4
busy	23488527	1
but	23488527	4
but	38966582	1
but	15547032	1
but	38966582	1
but	15547032	2
by	15547032	1
by	38966582	1
by	20016047	2
by	38966582	1
by	8021609	1
by	38966582	14
by	15547032	2
by	38966582	1
by	15547032	3
by	38966582	1
by	15547032	4
by	3579086	2
by	23488527	3
by	3579086	1
by	23488527	1
by	62397582	1
by	23488527	4
by	62397582	1
by	23488527	5
by	3579086	1
by	23488527	8
c	3579086	19
c	15547032	2
c	38966582	1
c	15547032	3
c1910	8021609	1
ca	15547032	2
cable	15547032	5
cagney	15547032	1
california	15547032	1
california	49495844	1
call	38966582	1
called	3579086	1
called	62397582	1
camera	23488527	2
can	8021609	1
canterbury	15547032	3
canting	15547032	1
capacities	38966582	2
capitol	38966582	3
captured	23488527	1
carly	38966582	1
carpenter	38966582	1
carpet	8021609	2
carpets	8021609	4
carriage	15547032	1
carriages	15547032	6
carry	28380942	1
carrying	23488527	1
case	15547032	1
cash	28380942	1
cast	24604084	1
cast	23488527	2
casting	23488527	2
category	62397582	1
category	23488527	3
category	3579086	2
category	23488527	1
category	3579086	1
category	23488527	1
category	3579086	3
category	23488527	1
category	3579086	2
category	23488527	2
category	3579086	1
category	23488527	2
category	3579086	1
category	8021609	1
category	20016047	1
category	38966582	1
category	28380942	1
category	20016047	1
category	38966582	1
category	28380942	1
category	24604084	1
category	20016047	1
category	24604084	1
category	38966582	2
category	24604084	1
category	20016047	1
category	38966582	2
category	28380942	1
category	38966582	1
category	24604084	2
category	28380942	2
category	20016047	1
category	24604084	1
category	38966582	1
category	20016047	2
category	15547032	1
category	20016047	1
category	28380942	1
category	38966582	3
category	15547032	1
category	20016047	1
category	38966582	2
category	20016047	1
category	49495844	1
category	15547032	1
category	8021609	1
category	38966582	1
category	8021609	1
category	20016047	1
category	49495844	1
category	8021609	1
category	28380942	1
category	8021609	1
category	38966582	1
category	8021609	1
category	15547032	1
category	38966582	1
category	8021609	1
category	38966582	1
category	8021609	1
cb	15547032	5
cba	15547032	2
cbfc	23488527	2
cbs	38966582	1
cengage	3579086	1
censored	23488527	1
center	8021609	1
center	38966582	1
century	38966582	1
century	62397582	1
certainly	38966582	1
certification	23488527	1
chain	23488527	1
chain	28380942	1
chandini	23488527	20
chandni	23488527	1
changes	38966582	1
charge	38966582	1
charges	23488527	1
charles	3579086	3
charles	38966582	1
charles	8021609	1
charles	38966582	3
cheat	23488527	1
chicago	38966582	1
chick	38966582	1
chief	38966582	3
child	38966582	1
children	8021609	1
children	3579086	1
chris	38966582	1
christopher	15547032	1
christopher	3579086	2
church	38966582	1
cicala	38966582	1
cincotti	38966582	1
cinematography	23488527	1
cities	3579086	1
city	3579086	1
city	38966582	3
city	28380942	1
city	38966582	4
city	8021609	1
city	28380942	1
city	8021609	1
civilisations	3579086	1
clarence	38966582	1
class	49495844	1
class	15547032	1
class	49495844	1
class	15547032	1
classic	38966582	1
classmates	38966582	1
clay	38966582	1
clients	38966582	1
cliff	3579086	1
climax	23488527	2
climax	15547032	2
clippings	8021609	1
close	38966582	1
closed	38966582	2
closes	15547032	1
closing	8021609	2
closing	15547032	1
closing	38966582	1
clover	38966582	1
club	38966582	1
club	15547032	4
co	15547032	1
co	38966582	1
co	15547032	1
co	3579086	1
coaches	15547032	1
coal	15547032	1
cole	38966582	1
coles	3579086	1
colin	3579086	1
coll	8021609	1
collectable	3579086	1
collected	3579086	1
collected	23488527	2
collection	23488527	1
collection	8021609	1
collector	3579086	1
college	8021609	1
collins	3579086	1
colour	3579086	12
columbia	38966582	8
com	23488527	2
com	3579086	4
come	23488527	1
commercial	28380942	4
commissioner	8021609	1
community	8021609	3
companies	49495844	1
companies	15547032	1
companies	38966582	1
companies	8021609	1
companies	38966582	3
companies	15547032	2
companies	8021609	1
companies	15547032	1
companies	38966582	1
companies	3579086	5
company	3579086	4
company	23488527	1
company	3579086	2
company	15547032	1
company	8021609	1
company	38966582	2
company	15547032	1
company	28380942	1
company	38966582	2
company	15547032	1
company	28380942	1
competition	49495844	1
completed	28380942	1
complex	8021609	1
composed	23488527	1
composer	23488527	1
conedison	38966582	1
confident	23488527	1
confronted	23488527	1
connor	38966582	1
consent	23488527	1
considered	20016047	1
consisted	38966582	1
constable	3579086	1
constructed	15547032	1
construction	15547032	2
consumers	49495844	1
contained	23488527	1
continental	8021609	1
continually	24604084	1
continued	3579086	1
control	15547032	1
controlled	15547032	1
controversial	23488527	1
controversy	23488527	2
convenient	28380942	1
conversions	15547032	1
converted	38966582	3
copy	38966582	1
copy	3579086	2
copyright	23488527	1
copyrights	3579086	1
coral	62397582	1
corea	38966582	1
corner	38966582	5
coromandel	15547032	2
corporate	15547032	1
corporate	3579086	2
corporation	38966582	3
corrupt	23488527	1
costume	38966582	1
cotton	62397582	6
couch	23488527	2
county	8021609	2
court	8021609	2
creed	38966582	1
cricketers	3579086	1
criminal	23488527	1
crimson	38966582	1
critical	23488527	1
cronin	38966582	1
crore	23488527	3
cult	23488527	1
cult	24604084	3
culture	8021609	1
current	8021609	1
current	23488527	1
currently	38966582	2
customers	28380942	1
cut	38966582	2
cutting	38966582	1
d	15547032	1
d	3579086	2
da	15547032	2
dancers	3579086	1
daniel	38966582	1
dark	23488527	1
daughter	23488527	1
daughter	8021609	1
david	38966582	2
day	23488527	2
day	3579086	1
day	23488527	1
days	23488527	2
dca	8021609	1
death	23488527	2
debut	23488527	3
debuted	23488527	1
december	23488527	1
december	15547032	1
deco	28380942	2
defends	23488527	1
defunct	38966582	1
defunct	49495844	2
delirious	23488527	1
delux	38966582	1
demo	38966582	3
demolished	38966582	1
demons	23488527	1
demos	38966582	2
department	8021609	2
department	15547032	2
departure	38966582	1
derived	38966582	1
described	15547032	1
described	23488527	1
design	23488527	1
design	15547032	2
design	28380942	1
designed	38966582	2
despite	24604084	1
destroying	23488527	1
deva	23488527	1
develop	15547032	1
developed	8021609	1
developed	28380942	1
development	15547032	1
dialogues	23488527	1
diane	38966582	1
dick	38966582	2
dickinson	3579086	1
dictionary	3579086	2
did	38966582	1
died	8021609	3
died	62397582	2
dies	23488527	1
diesel	15547032	5
different	23488527	1
diminno	38966582	2
dionne	38966582	1
direct	23488527	1
directed	23488527	3
directing	23488527	1
directions	23488527	1
directly	49495844	1
director	24604084	1
director	23488527	1
director	62397582	1
director	23488527	5
directors	23488527	1
disapproval	3579086	1
disco	38966582	1
disestablished	38966582	2
disestablishments	38966582	1
disjointed	23488527	1
display	15547032	1
dissolution	24604084	1
dissolved	38966582	1
distribute	23488527	1
distribution	23488527	1
distributors	23488527	1
district	3579086	1
district	15547032	1
division	15547032	1
division	3579086	1
do	23488527	1
do	38966582	1
doak	62397582	1
doble	15547032	1
doc	15547032	1
documentary	24604084	5
documentary	20016047	1
doing	38966582	1
doing	23488527	1
don	38966582	1
don	15547032	1
donald	38966582	2
door	38966582	2
doors	38966582	2
dowd	38966582	1
down	38966582	2
downer	15547032	3
downs	38966582	1
drama	3579086	2
drunk	23488527	1
drunkard	23488527	1
dubbed	23488527	1
due	23488527	1
due	3579086	1
due	23488527	2
due	38966582	1
duplication	38966582	1
during	38966582	1
during	3579086	1
during	62397582	1
dying	23488527	1
dylan	38966582	1
e	15547032	4
e	3579086	1
e1	15547032	1
each	8021609	1
early	38966582	1
early	15547032	2
early	28380942	1
early	15547032	2
early	38966582	1
early	3579086	1
early	62397582	1
east	15547032	1
east	38966582	5
eastern	15547032	2
easton	38966582	1
eaves	38966582	3
ecclesiastical	3579086	1
ed	38966582	2
eddie	38966582	1
edinburgh	3579086	3
edition	3579086	3
edition	15547032	2
editions	3579086	1
editor	23488527	1
editor	3579086	1
edu	3579086	1
educational	20016047	1
edward	38966582	1
effective	38966582	1
efficient	15547032	1
eighth	3579086	1
either	28380942	1
electric	15547032	1
electric	62397582	1
elements	23488527	1
else	23488527	1
elsevier	3579086	1
elton	38966582	1
employed	8021609	1
en	23488527	1
encounter	20016047	1
encyclopedia	3579086	2
encyclopædia	3579086	2
ended	38966582	1
ending	23488527	1
ends	23488527	1
engaged	23488527	1
engine	15547032	2
engineer	38966582	14
engineering	15547032	2
engineers	15547032	1
engineers	38966582	1
england	8021609	1
england	3579086	3
entering	23488527	1
entertainers	23488527	1
entertainment	23488527	2
entertainment	38966582	1
entirely	28380942	1
entity	38966582	1
episode	20016047	2
equal	23488527	1
equipment	38966582	1
equitable	38966582	1
era	38966582	1
erostratus	23488527	1
errico	38966582	1
escapes	23488527	1
especially	23488527	1
established	62397582	1
established	3579086	1
established	62397582	1
established	15547032	2
established	38966582	1
established	15547032	1
established	38966582	1
establishments	8021609	1
establishments	38966582	1
establishments	3579086	2
estefan	38966582	1
et	38966582	1
euro	38966582	1
events	23488527	1
every	23488527	2
everything	23488527	2
example	28380942	1
excess	15547032	1
exchanged	15547032	1
exclusive	24604084	1
exhilarated	23488527	1
existence	38966582	1
expanded	8021609	1
expelled	23488527	2
experience	15547032	1
explain	23488527	1
explains	23488527	2
exploited	23488527	1
explorers	3579086	1
explores	23488527	1
export	62397582	1
export	15547032	1
expose	23488527	1
express	15547032	2
extensive	38966582	1
extent	23488527	1
external	3579086	1
external	23488527	1
external	20016047	1
external	24604084	1
external	8021609	1
external	15547032	1
external	49495844	1
extra	15547032	1
extravagant	3579086	1
eye	24604084	1
eyed	38966582	1
f	38966582	1
f	62397582	3
facilities	38966582	1
facility	38966582	1
factory	8021609	1
factory	38966582	2
factory	8021609	1
factory	38966582	1
faded	8021609	1
fails	23488527	1
failure	3579086	1
fall	23488527	1
falls	23488527	2
family	62397582	1
family	23488527	2
family	24604084	1
family	8021609	1
family	15547032	1
famous	38966582	2
famous	23488527	1
fanshawe	15547032	1
farmer	62397582	1
fascination	3579086	3
father	23488527	5
father	38966582	1
favored	38966582	1
favorite	38966582	1
featherstone	3579086	1
february	20016047	1
february	38966582	1
february	15547032	1
federation	38966582	1
feelings	23488527	1
feet	38966582	8
felt	38966582	1
female	23488527	1
fep	15547032	1
fertilizer	15547032	1
festival	20016047	1
few	38966582	2
few	23488527	1
fiction	3579086	1
fifth	8021609	1
film	24604084	1
film	20016047	2
film	38966582	1
film	20016047	1
film	24604084	1
film	38966582	1
film	23488527	26
filmmaking	23488527	1
films	23488527	13
films	20016047	7
films	24604084	2
films	20016047	1
films	24604084	1
films	20016047	2
films	24604084	2
films	20016047	1
final	38966582	1
finally	15547032	1
finance	8021609	1
financially	24604084	1
financiers	8021609	1
fire	23488527	1
firearms	49495844	2
firm	15547032	1
firm	28380942	1
firm	15547032	2
firm	3579086	4
firms	3579086	1
firms	15547032	1
first	38966582	2
first	28380942	1
first	15547032	4
first	38966582	2
first	3579086	1
first	62397582	2
fito	38966582	1
five	23488527	2
flashbacks	23488527	2
flax	15547032	1
fled	8021609	1
flight	38966582	1
floor	38966582	6
floors	38966582	2
florida	38966582	2
fob	3579086	1
focuses	24604084	1
followed	24604084	1
followed	15547032	1
following	8021609	1
following	24604084	1
following	23488527	2
food	28380942	2
footage	23488527	2
for	23488527	2
for	3579086	1
for	23488527	1
for	3579086	2
for	23488527	6
for	3579086	2
for	23488527	5
for	15547032	1
for	38966582	1
for	15547032	1
for	38966582	1
for	8021609	1
for	38966582	1
for	15547032	1
for	38966582	1
for	8021609	1
for	38966582	1
for	8021609	1
for	15547032	6
for	38966582	1
for	24604084	1
for	15547032	1
for	24604084	1
for	38966582	2
for	15547032	1
for	38966582	1
for	15547032	1
for	38966582	1
for	15547032	7
for	38966582	2
for	15547032	1
for	24604084	1
fordson	15547032	2
foreigner	23488527	1
form	38966582	1
formalized	38966582	1
formed	15547032	1
former	38966582	2
former	23488527	1
former	3579086	1
formerly	38966582	1
formerly	15547032	1
forms	24604084	1
forty	8021609	1
found	20016047	1
found	23488527	1
foundation	38966582	1
founded	38966582	4
founded	15547032	1
founded	3579086	1
founded	23488527	1
founding	38966582	2
foundry	15547032	1
four	38966582	2
fourth	38966582	1
frank	38966582	1
frank	62397582	2
frankie	38966582	1
franklin	38966582	1
fred	38966582	1
freddie	15547032	1
freehold	8021609	6
frees	20016047	1
french	20016047	1
frequent	23488527	1
frey	38966582	1
friend	23488527	1
from	23488527	1
from	3579086	2
from	23488527	1
from	3579086	3
from	23488527	3
from	3579086	2
from	23488527	2
from	38966582	3
from	20016047	1
from	15547032	1
from	38966582	2
from	8021609	1
from	38966582	2
from	8021609	1
from	38966582	1
from	15547032	4
ft	15547032	2
fuller	38966582	1
further	3579086	1
g	3579086	1
g	23488527	1
g	3579086	1
g	23488527	1
g	15547032	20
gained	38966582	1
gained	23488527	1
gallo	38966582	1
game	3579086	3
gary	38966582	1
gas	38966582	1
gas	24604084	1
gauge	15547032	5
gave	38966582	1
gave	23488527	1
gazette	15547032	1
geared	15547032	1
geechi	23488527	1
general	3579086	2
general	38966582	2
general	8021609	1
generation	38966582	1
george	15547032	1
george	38966582	3
gerics	38966582	2
german	20016047	4
germano	38966582	3
giant	20016047	1
girl	38966582	1
given	23488527	2
gives	23488527	1
gladstone	15547032	1
glenbrook	15547032	2
gloria	38966582	1
gloucestershire	15547032	1
go	8021609	1
gold	15547032	3
goldfields	15547032	2
goldmine	15547032	1
good	38966582	1
good	23488527	1
google	3579086	1
gorge	15547032	1
got	38966582	1
government	15547032	1
grammer	38966582	1
great	28380942	2
great	3579086	4
greatest	38966582	1
greene	38966582	1
greymouth	15547032	1
grocery	28380942	1
ground	38966582	2
group	15547032	4
group	23488527	1
grown	15547032	1
guess	38966582	1
guide	3579086	1
guides	3579086	5
guild	3579086	1
gulistan	8021609	3
gurukiran	23488527	6
guy	38966582	1
had	38966582	2
had	8021609	1
had	38966582	1
had	8021609	2
had	24604084	1
had	15547032	1
had	8021609	2
had	38966582	3
had	8021609	1
had	23488527	3
hadani	38966582	1
hahn	38966582	2
half	38966582	4
half	3579086	1
hall	8021609	1
hall	38966582	1
hallaure	8021609	2
halley	38966582	1
handled	23488527	1
hang	38966582	1
hangout	38966582	1
hangouts	38966582	1
hardly	23488527	1
harpercollins	3579086	1
harry	38966582	1
harvey	38966582	1
harvey	62397582	5
has	3579086	1
has	23488527	1
hash	38966582	1
hauled	8021609	1
haunt	23488527	1
have	23488527	2
having	28380942	2
he	38966582	1
he	8021609	2
he	20016047	1
he	23488527	11
head	15547032	1
head	8021609	1
headquartered	8021609	1
health	38966582	1
healthy	15547032	1
height	38966582	5
heisler	15547032	2
held	23488527	1
helkollakondooru	23488527	1
helm	3579086	3
help	23488527	1
helped	15547032	1
hen	23488527	1
hence	38966582	1
henchmen	23488527	2
her	23488527	16
heritage	15547032	2
heroine	23488527	1
herself	23488527	1
hesitation	23488527	1
hidley	38966582	1
high	49495844	1
high	38966582	1
high	3579086	1
highly	15547032	1
hill	8021609	1
him	23488527	8
himself	24604084	1
himself	20016047	1
hindu	23488527	3
hiroshi	24604084	2
his	38966582	1
his	8021609	2
his	38966582	3
his	23488527	6
his	3579086	1
his	23488527	1
his	3579086	2
his	23488527	5
his	3579086	1
his	23488527	1
historic	28380942	2
historic	15547032	1
historic	28380942	1
historical	8021609	2
historically	28380942	1
histories	3579086	1
history	62397582	1
history	3579086	8
history	8021609	1
history	38966582	1
history	15547032	1
history	8021609	1
history	15547032	1
hit	38966582	3
hits	38966582	1
hitting	23488527	1
hmfa	8021609	1
holburn	3579086	1
holdings	15547032	1
home	38966582	3
home	15547032	1
hometown	8021609	1
hoping	23488527	1
horton	15547032	1
hospital	8021609	1
hospital	23488527	2
hotel	38966582	2
house	23488527	5
houses	8021609	1
housing	8021609	1
how	3579086	1
howard	8021609	1
however	24604084	1
however	23488527	3
however	3579086	1
husband	8021609	1
hydro	62397582	1
i	38966582	1
ian	38966582	1
idea	38966582	1
identification	3579086	1
identities	15547032	1
idhu	23488527	2
if	38966582	1
imdb	20016047	1
important	38966582	2
importers	8021609	1
imprints	3579086	1
improved	15547032	2
in	20016047	1
in	8021609	3
in	20016047	1
in	38966582	1
in	8021609	1
in	38966582	2
in	49495844	1
in	8021609	1
in	49495844	1
in	15547032	1
in	38966582	2
in	15547032	1
in	28380942	1
in	15547032	1
in	38966582	1
in	15547032	1
in	38966582	1
in	8021609	1
in	28380942	1
in	38966582	1
in	15547032	2
in	38966582	1
in	15547032	2
in	8021609	1
in	38966582	1
in	15547032	1
in	28380942	1
in	15547032	2
in	38966582	1
in	28380942	1
in	15547032	2
in	38966582	1
in	28380942	1
in	15547032	2
in	38966582	1
in	15547032	1
in	38966582	1
in	15547032	2
in	8021609	1
in	28380942	1
in	15547032	1
in	24604084	1
in	38966582	2
in	15547032	1
in	28380942	1
in	38966582	1
in	15547032	2
in	38966582	2
in	15547032	1
in	38966582	2
in	15547032	1
in	38966582	4
in	15547032	1
in	38966582	1
in	15547032	1
in	38966582	1
in	15547032	1
in	28380942	1
in	15547032	1
in	38966582	2
in	15547032	1
in	38966582	2
in	15547032	1
in	38966582	1
in	15547032	2
in	38966582	1
in	28380942	1
in	38966582	3
in	15547032	1
in	38966582	1
in	15547032	1
in	28380942	1
in	15547032	1
in	38966582	1
in	15547032	1
in	8021609	1
in	15547032	1
in	38966582	1
in	15547032	2
in	8021609	1
in	15547032	3
in	8021609	2
in	24604084	1
in	38966582	1
in	28380942	1
in	15547032	1
in	24604084	1
in	28380942	1
in	8021609	1
in	28380942	1
in	8021609	2
in	38966582	6
in	8021609	2
in	38966582	2
in	20016047	1
in	15547032	1
in	8021609	1
in	38966582	1
in	8021609	5
in	38966582	1
in	8021609	5
in	38966582	1
in	15547032	1
in	3579086	1
in	23488527	1
in	3579086	1
in	23488527	1
in	3579086	1
in	23488527	2
in	3579086	1
in	23488527	1
in	3579086	1
in	23488527	1
in	3579086	1
in	23488527	6
in	62397582	1
in	23488527	2
in	3579086	2
in	23488527	1
in	3579086	1
in	23488527	4
in	3579086	5
in	23488527	1
in	3579086	3
in	62397582	4
in	23488527	1
in	62397582	1
in	23488527	1
in	62397582	6
in	23488527	2
in	62397582	3
in	3579086	4
inaugurated	62397582	1
inc	8021609	1
inc	38966582	8
inc	8021609	1
inc	38966582	1
include	38966582	1
include	3579086	1
included	38966582	2
included	49495844	1
including	28380942	1
including	38966582	1
incredibly	38966582	1
independent	38966582	1
india	62397582	2
india	23488527	1
indiaglitz	23488527	1
indian	23488527	4
industries	3579086	1
industry	23488527	1
industry	38966582	1
industry	15547032	1
industry	38966582	1
influence	23488527	1
influenced	23488527	1
influences	23488527	1
influential	23488527	1
initially	23488527	1
initially	15547032	1
initials	38966582	2
inman	3579086	1
innovative	38966582	1
ins	23488527	1
installed	38966582	1
instigating	24604084	1
instrument	38966582	1
intercom	38966582	1
internal	24604084	1
interview	23488527	2
into	23488527	1
into	15547032	1
into	8021609	1
into	15547032	1
invented	15547032	1
investments	15547032	1
involves	20016047	1
irving	38966582	1
is	38966582	1
is	24604084	1
is	38966582	1
is	15547032	1
is	28380942	2
is	38966582	1
is	15547032	1
is	28380942	2
is	8021609	1
is	38966582	1
is	20016047	1
is	23488527	9
is	3579086	1
is	23488527	4
is	3579086	1
is	23488527	2
islands	15547032	2
issn	15547032	1
issue	15547032	3
issues	38966582	1
it	20016047	1
it	8021609	1
it	28380942	1
it	24604084	1
it	28380942	1
it	15547032	2
it	28380942	1
it	38966582	1
it	28380942	1
it	15547032	1
it	28380942	1
it	20016047	1
it	38966582	3
it	8021609	1
it	38966582	3
it	20016047	1
it	23488527	3
it	3579086	1
it	23488527	5
it	3579086	1
it	23488527	1
its	23488527	2
its	3579086	1
its	23488527	1
its	15547032	1
its	24604084	1
its	8021609	2
its	15547032	2
j	38966582	1
j	3579086	1
jac	38966582	3
jack	38966582	4
jacksonville	38966582	2
jagannath	23488527	1
jake	15547032	1
james	38966582	2
james	62397582	1
jan	20016047	2
jane	8021609	1
janis	38966582	1
january	15547032	1
january	3579086	1
january	23488527	1
january	3579086	3
january	23488527	1
january	3579086	1
japanese	24604084	3
jazz	38966582	2
jean	8021609	1
jean	23488527	1
jerry	38966582	1
jersey	8021609	7
jim	38966582	3
jobs	15547032	1
joel	38966582	3
john	38966582	2
john	3579086	1
johnston	15547032	1
joining	24604084	1
jones	38966582	1
jose	23488527	1
julian	38966582	1
july	15547032	2
july	23488527	2
jump	23488527	1
jumps	23488527	1
june	3579086	1
june	38966582	2
june	15547032	1
june	38966582	1
junior	3579086	1
k	23488527	1
kaas	38966582	1
kama	38966582	2
kannada	23488527	7
karagheusian	8021609	18
karen	38966582	1
karnataka	23488527	3
kaueranga	15547032	1
keel	15547032	2
kellgren	38966582	1
kennedy	15547032	1
kenny	8021609	1
kept	28380942	1
kept	24604084	1
kept	15547032	1
kidnaps	23488527	1
killed	23488527	1
kills	23488527	1
king	38966582	1
kiwi	15547032	1
kiwirail	15547032	1
knocks	23488527	1
know	3579086	3
known	3579086	1
known	38966582	3
known	28380942	1
kumar	23488527	1
labels	38966582	6
land	15547032	1
landed	62397582	1
lands	3579086	1
language	23488527	2
language	20016047	1
languages	23488527	1
larchmont	8021609	1
larger	28380942	1
largest	15547032	1
las	38966582	1
last	38966582	1
last	15547032	1
last	28380942	1
last	15547032	1
late	38966582	3
late	20016047	1
late	23488527	1
later	23488527	1
later	3579086	1
later	15547032	2
later	38966582	3
later	15547032	1
later	38966582	1
launch	38966582	1
launched	38966582	1
laura	38966582	1
laurie	38966582	1
law	23488527	1
laws	3579086	1
lc	15547032	1
lead	23488527	3
leader	24604084	1
leaders	24604084	1
learning	3579086	2
leased	38966582	1
least	38966582	1
leave	15547032	1
leeds	38966582	1
left	28380942	1
left	38966582	1
legacy	38966582	1
legal	38966582	1
leighton	38966582	1
leila	8021609	1
lenica	20016047	2
lennon	38966582	1
lenny	38966582	1
lenox	8021609	1
leonard	38966582	1
lester	15547032	1
letter	20016047	1
letterbooks	3579086	1
letting	38966582	1
levels	23488527	1
lexington	38966582	1
liability	15547032	1
library	3579086	1
librarybibliogroup	3579086	1
licensed	15547032	1
life	3579086	1
lighter	15547032	1
lijo	23488527	1
like	23488527	3
limited	15547032	1
limited	49495844	1
limited	15547032	3
line	15547032	1
links	49495844	1
links	8021609	1
links	15547032	1
links	24604084	1
links	20016047	1
links	3579086	1
links	23488527	1
liquidation	15547032	2
list	3579086	4
list	62397582	1
listed	28380942	1
little	3579086	2
live	23488527	1
lived	8021609	1
lives	23488527	2
liza	38966582	1
lloyd	15547032	1
loan	15547032	1
local	38966582	1
located	8021609	2
located	38966582	5
location	23488527	1
locomotive	15547032	9
locomotives	15547032	7
locos	15547032	1
logging	15547032	1
london	3579086	5
londonsir	3579086	1
long	23488527	1
long	38966582	1
long	8021609	1
longer	23488527	1
lookofsky	38966582	1
looms	8021609	2
loss	15547032	1
lost	20016047	1
lost	23488527	1
lot	23488527	1
loud	23488527	1
louis	28380942	6
love	23488527	7
ltd	3579086	3
ltd	62397582	1
ltd	15547032	2
luciano	38966582	1
ludwig	38966582	1
lynne	38966582	1
m	8021609	4
machinery	15547032	1
machines	15547032	1
made	15547032	1
made	8021609	1
made	23488527	4
madison	38966582	1
madly	23488527	1
madonna	38966582	1
madras	62397582	1
madura	62397582	1
madurai	62397582	1
magazine	15547032	1
main	15547032	1
main	38966582	1
mainline	15547032	2
mainly	15547032	1
major	15547032	1
major	8021609	1
major	38966582	1
make	38966582	1
make	15547032	2
make	23488527	1
makes	23488527	1
making	3579086	2
malayalam	23488527	1
malaysia	15547032	1
male	23488527	2
man	23488527	1
managed	23488527	1
management	15547032	1
management	38966582	2
manager	38966582	7
managers	38966582	1
managing	62397582	1
mander	15547032	1
manhattan	38966582	1
manhattan	8021609	1
manhattan	38966582	2
manhattan	8021609	1
manhattan	38966582	2
manilow	38966582	1
manjunath	23488527	1
manny	38966582	2
manufactured	15547032	4
manufacturer	49495844	1
manufacturer	15547032	1
manufacturer	8021609	1
manufacturer	15547032	1
manufacturer	8021609	1
manufacturers	8021609	1
manufacturers	49495844	1
manufacturers	15547032	1
manufacturing	8021609	3
manufacturing	15547032	1
manufacturing	8021609	1
manufacturing	49495844	1
manufacturing	15547032	1
manuscripts	8021609	1
many	38966582	2
many	28380942	1
many	15547032	1
many	3579086	2
many	23488527	1
maps	3579086	1
march	15547032	1
marguerite	8021609	1
marina	23488527	6
marked	23488527	1
married	23488527	1
married	8021609	2
marx	38966582	1
mary	38966582	1
master	38966582	1
mastering	38966582	1
matched	38966582	1
materialism	24604084	1
materialistic	23488527	1
materials	8021609	1
maximus	15547032	1
may	38966582	2
may	8021609	1
may	23488527	1
mccartney	38966582	1
mccoys	38966582	1
mckee	15547032	1
mechanical	15547032	2
media	38966582	1
media	24604084	1
medical	3579086	2
meet	23488527	1
meets	23488527	1
melissa	38966582	1
members	15547032	1
memorial	62397582	1
men	3579086	1
men	15547032	1
mere	38966582	1
mergers	3579086	1
messrs	15547032	1
metal	15547032	1
metamorphosis	15547032	1
methuen	3579086	3
metre	15547032	1
meyer	15547032	1
michael	38966582	3
mid	38966582	1
midnight	24604084	1
midtown	38966582	2
mill	8021609	6
mill	62397582	2
milling	15547032	1
million	3579086	1
mills	62397582	5
mind	23488527	1
mine	15547032	1
miners	15547032	1
mines	15547032	2
minnelli	38966582	1
minor	23488527	1
minutes	23488527	1
mira	38966582	1
miran	8021609	4
misanthropic	23488527	1
miscellaneous	3579086	1
misogynistic	23488527	1
missouri	28380942	3
mistress	23488527	1
mitch	38966582	1
mitton	3579086	1
mm	15547032	1
mobil	15547032	1
mobile	38966582	1
model	15547032	3
mogull	38966582	2
money	23488527	1
monmouth	8021609	2
more	23488527	3
mori	24604084	2
morrinsville	15547032	1
morrison	38966582	1
mortgage	8021609	1
most	28380942	1
motive	15547032	1
mount	15547032	1
moved	15547032	2
moved	3579086	2
movie	23488527	4
movies	23488527	1
mubi	20016047	1
much	38966582	1
multiple	23488527	2
murali	23488527	1
murray	38966582	1
museum	15547032	3
music	38966582	3
music	8021609	1
music	38966582	1
music	23488527	1
music	3579086	1
music	23488527	3
musician	38966582	1
musicians	38966582	5
my	38966582	1
my	8021609	1
naked	23488527	1
name	23488527	1
name	8021609	2
name	38966582	2
named	38966582	2
named	15547032	1
named	8021609	1
named	38966582	1
named	15547032	1
named	38966582	1
named	23488527	1
narrated	23488527	1
narrative	23488527	1
natalie	38966582	1
national	28380942	3
nations	3579086	1
nationsthe	3579086	1
nature	23488527	1
nature	3579086	2
nautical	3579086	1
near	62397582	1
near	23488527	2
near	38966582	5
near	15547032	1
nearly	8021609	1
nearly	15547032	1
need	38966582	1
negatives	8021609	1
neighborhood	38966582	1
nelson	15547032	1
net	3579086	4
network	38966582	1
new	8021609	4
new	15547032	2
new	38966582	1
new	15547032	1
new	38966582	1
new	15547032	1
new	8021609	1
new	15547032	2
new	38966582	2
new	15547032	3
new	38966582	1
new	15547032	3
new	8021609	2
new	15547032	1
new	38966582	1
new	15547032	1
new	38966582	3
new	8021609	2
new	38966582	1
new	8021609	1
new	38966582	1
newcomer	23488527	1
newman	3579086	2
news	23488527	1
news	15547032	2
news	24604084	1
news	15547032	1
newsletters	8021609	1
newspaper	8021609	1
newton	38966582	1
next	38966582	2
ngongotaha	15547032	1
nick	38966582	2
night	23488527	1
nightclub	38966582	1
nikki	38966582	1
ninth	3579086	2
nj	8021609	1
no	38966582	2
no	23488527	2
nonfiction	3579086	1
nonlinear	23488527	2
norm	38966582	1
normal	23488527	2
norman	38966582	2
not	15547032	1
not	28380942	1
not	38966582	1
not	24604084	1
not	38966582	1
not	23488527	2
notable	3579086	2
note	38966582	1
noted	3579086	1
notes	38966582	1
notes	15547032	1
novel	3579086	2
novels	3579086	2
november	23488527	1
november	15547032	1
november	38966582	1
novice	23488527	1
now	62397582	1
now	38966582	3
now	15547032	3
now	38966582	1
now	15547032	1
now	38966582	3
number	15547032	1
ny	38966582	1
nzgr	15547032	1
nzr	15547032	6
né	38966582	4
o	38966582	1
oberhausen	20016047	1
observer	15547032	1
obtained	15547032	1
occupied	38966582	2
ocean	15547032	1
october	38966582	2
october	8021609	1
october	15547032	1
october	38966582	1
october	23488527	1
of	23488527	2
of	62397582	1
of	23488527	2
of	62397582	1
of	3579086	1
of	23488527	1
of	3579086	6
of	23488527	1
of	3579086	1
of	23488527	9
of	3579086	9
of	23488527	1
of	3579086	2
of	23488527	1
of	3579086	2
of	23488527	1
of	3579086	2
of	23488527	1
of	3579086	4
of	23488527	1
of	3579086	2
of	23488527	1
of	3579086	1
of	23488527	2
of	3579086	1
of	23488527	1
of	3579086	1
of	38966582	1
of	15547032	1
of	38966582	1
of	24604084	1
of	15547032	1
of	38966582	1
of	15547032	1
of	38966582	1
of	24604084	1
of	15547032	3
of	24604084	2
of	38966582	2
of	15547032	1
of	38966582	1
of	8021609	1
of	38966582	3
of	20016047	1
of	15547032	1
of	20016047	1
of	38966582	2
of	15547032	1
of	20016047	1
of	38966582	1
of	8021609	1
of	15547032	2
of	38966582	1
of	28380942	3
of	38966582	1
of	28380942	1
of	15547032	1
of	38966582	3
of	28380942	2
of	38966582	1
of	8021609	1
of	28380942	1
of	15547032	1
of	8021609	1
of	28380942	1
of	15547032	1
of	8021609	1
of	28380942	1
of	15547032	1
of	8021609	1
of	38966582	1
of	15547032	1
of	38966582	2
of	8021609	1
of	38966582	2
of	8021609	1
of	38966582	1
of	15547032	1
of	38966582	1
of	15547032	2
of	38966582	3
of	15547032	1
of	38966582	3
of	15547032	1
of	38966582	1
of	15547032	3
off	23488527	1
offers	3579086	1
office	23488527	3
office	15547032	1
offices	24604084	1
offsite	15547032	1
ogilvie	15547032	1
ohai	15547032	1
ohakune	15547032	1
old	24604084	1
olivia	38966582	1
on	28380942	1
on	38966582	2
on	15547032	2
on	38966582	2
on	28380942	1
on	38966582	1
on	8021609	1
on	38966582	1
on	8021609	1
on	24604084	1
on	38966582	1
on	8021609	1
on	24604084	2
on	20016047	1
on	23488527	8
on	3579086	2
on	23488527	2
on	3579086	1
on	23488527	2
on	3579086	1
once	23488527	1
once	38966582	1
once	8021609	1
one	28380942	1
one	38966582	5
one	28380942	1
one	38966582	1
one	28380942	1
one	23488527	4
onehunga	15547032	2
oneindia	23488527	2
only	23488527	2
only	8021609	1
only	20016047	1
open	49495844	1
opened	15547032	1
opened	38966582	9
opening	23488527	1
operated	38966582	1
operated	8021609	1
operates	15547032	1
operating	38966582	1
operating	28380942	1
operation	8021609	1
operator	38966582	1
operators	15547032	1
or	28380942	1
or	15547032	1
order	23488527	1
org	3579086	5
oriental	15547032	1
oriental	8021609	1
oriental	15547032	1
original	38966582	4
originally	15547032	1
originally	38966582	1
ormondville	15547032	1
ornithological	3579086	1
ornithology	3579086	1
oshin	8021609	1
other	38966582	1
other	8021609	1
other	15547032	1
other	38966582	1
other	23488527	1
other	3579086	1
others	23488527	1
others	28380942	2
otira	15547032	1
out	24604084	1
out	38966582	1
out	23488527	1
out	3579086	1
out	23488527	1
output	15547032	1
over	24604084	1
over	23488527	1
owned	3579086	1
owned	38966582	4
owner	38966582	5
owners	38966582	1
owners	15547032	2
ownership	15547032	1
ownership	38966582	1
ownership	15547032	2
owning	28380942	1
oyster	8021609	1
p	28380942	3
p	23488527	1
p	3579086	1
pacific	28380942	2
packed	8021609	1
page	15547032	6
pages	15547032	1
pahiatua	15547032	2
papanasam	62397582	1
parent	15547032	1
paribas	38966582	1
park	8021609	1
park	15547032	1
park	8021609	1
parking	28380942	1
part	15547032	1
part	28380942	1
part	38966582	1
part	20016047	1
participate	23488527	1
particular	38966582	1
partner	38966582	2
partnership	38966582	3
partnership	23488527	1
partnerships	38966582	1
pass	15547032	1
past	23488527	1
patent	15547032	1
patenting	15547032	1
patricia	38966582	1
paul	38966582	4
paul	23488527	1
pavarotti	38966582	1
pdf	38966582	1
peak	8021609	1
peeps	3579086	13
pellissery	23488527	1
pelton	15547032	3
pending	23488527	1
people	23488527	1
people	3579086	1
people	38966582	2
people	8021609	1
people	38966582	2
people	15547032	1
per	23488527	1
perfect	23488527	1
performance	49495844	1
performances	23488527	1
period	38966582	1
permits	23488527	1
persian	8021609	1
personnel	38966582	1
perspective	24604084	1
peter	38966582	2
petrol	15547032	3
phil	38966582	4
philips	38966582	1
philosological	23488527	1
photographs	8021609	1
photos	28380942	1
pica	3579086	1
picked	23488527	1
picton	15547032	1
picture	3579086	1
pictures	38966582	1
pistol	49495844	1
pistols	49495844	1
pizzarelli	38966582	1
placed	15547032	1
places	28380942	3
plains	15547032	4
plans	3579086	1
plant	38966582	3
plc	3579086	1
pleasant	15547032	1
plight	23488527	1
plot	23488527	2
plotkin	38966582	1
pocket	3579086	2
poet	23488527	2
point	15547032	1
pointer	38966582	1
police	23488527	1
politicians	23488527	4
pop	38966582	2
popular	3579086	2
portion	8021609	1
pothunters	3579086	1
power	23488527	1
power	38966582	2
power	15547032	1
poyser	3579086	2
pradesh	23488527	2
praise	23488527	2
precision	15547032	1
premiered	20016047	1
premises	15547032	1
preservation	15547032	5
preserved	15547032	2
president	38966582	1
press	3579086	1
press	62397582	2
previn	38966582	1
previous	15547032	1
previously	38966582	1
price	15547032	61
princes	15547032	1
prior	38966582	1
prioritize	23488527	1
private	15547032	4
produce	3579086	1
produced	38966582	1
produced	15547032	1
produced	38966582	1
producer	38966582	4
producers	23488527	3
producing	3579086	1
production	23488527	2
production	20016047	1
productions	15547032	1
products	15547032	1
products	49495844	1
project	8021609	1
project	62397582	1
prolific	38966582	1
promoted	38966582	1
properly	23488527	1
prostituted	23488527	1
prostitution	23488527	1
prove	23488527	1
proves	23488527	1
providing	28380942	1
provoked	23488527	1
psychological	23488527	3
public	15547032	1
publications	3579086	1
publish	3579086	1
published	3579086	5
published	38966582	2
publisher	3579086	1
publishers	3579086	5
publishing	3579086	11
publishinghistory	3579086	3
pukekaroro	15547032	1
purchase	23488527	1
purchased	3579086	5
purchased	23488527	1
purchased	38966582	2
purpose	38966582	1
pursuit	23488527	1
put	15547032	1
putaruru	15547032	1
pwd	15547032	2
páez	38966582	1
quad	38966582	1
quality	3579086	1
quincy	38966582	1
r	38966582	29
r1	38966582	1
r2	38966582	2
radio	38966582	1
radio	8021609	1
radio	38966582	1
ragovoy	38966582	1
raider	15547032	1
rail	15547032	7
railcar	15547032	2
rails	15547032	1
railway	15547032	30
railways	15547032	3
railways	3579086	1
raindrops	38966582	1
raj	23488527	1
rajarathnam	23488527	1
ramakrishna	23488527	1
ramblings	23488527	1
ramone	38966582	14
ramsey	15547032	1
ran	23488527	2
random	23488527	1
range	3579086	2
rare	28380942	1
ray	38966582	1
rayasam	23488527	1
rca	38966582	3
re	38966582	1
re	23488527	1
reading	3579086	2
realistically	23488527	1
reality	23488527	1
received	23488527	2
receives	23488527	1
reception	23488527	1
record	38966582	9
recorded	38966582	6
recording	38966582	26
recording	23488527	1
records	3579086	1
records	38966582	5
records	8021609	1
records	38966582	1
recovering	3579086	1
rediff	23488527	1
rediscovered	20016047	3
reduced	15547032	1
reeds	3579086	1
reefton	15547032	1
reeve	15547032	3
reference	3579086	3
references	23488527	1
references	62397582	1
references	3579086	1
references	49495844	1
references	8021609	1
references	28380942	1
references	20016047	1
references	15547032	1
references	24604084	1
references	38966582	1
refurbished	15547032	1
refused	23488527	1
regauged	15547032	1
register	15547032	1
register	28380942	3
regularly	38966582	1
rejected	24604084	1
rejected	23488527	1
rejects	23488527	1
related	8021609	1
release	23488527	2
released	23488527	3
released	3579086	1
released	24604084	1
relished	38966582	1
remade	23488527	2
remained	15547032	1
remaining	15547032	1
remains	38966582	1
remember	38966582	1
renamed	15547032	1
renovation	8021609	1
renée	38966582	1
reopened	38966582	1
reopened	8021609	1
repertoire	38966582	1
reported	23488527	1
reputation	38966582	1
requesting	38966582	1
required	15547032	1
residential	28380942	1
resourcessaid	20016047	1
respectively	38966582	1
respectively	62397582	1
response	23488527	1
restarts	23488527	1
restoration	15547032	1
restored	15547032	1
retailer	38966582	1
retained	23488527	3
retired	3579086	1
retrieved	23488527	1
retrieved	3579086	1
retrieved	23488527	2
retrieved	3579086	5
retrieved	23488527	1
retrieved	3579086	3
revealed	23488527	1
revealing	23488527	2
reveals	23488527	1
revenge	23488527	1
reverse	23488527	2
review	23488527	1
review	24604084	1
reviewer	23488527	1
reviews	15547032	1
revolver	23488527	1
revolves	23488527	1
rhythm	38966582	1
rich	23488527	1
richard	38966582	1
right	8021609	1
right	15547032	1
rights	23488527	1
rimutaka	15547032	1
river	15547032	1
riverside	15547032	1
road	15547032	2
road	38966582	1
road	15547032	1
robert	8021609	1
robert	38966582	3
rock	38966582	1
rock	23488527	1
rod	38966582	1
roles	23488527	1
rolling	23488527	1
rolling	15547032	1
rolls	23488527	1
romantic	23488527	1
room	20016047	1
room	38966582	3
room	20016047	2
rose	3579086	1
roselle	8021609	2
rotorua	15547032	1
route	15547032	1
route	38966582	1
roy	38966582	2
rug	8021609	9
rugs	8021609	2
rules	3579086	1
run	23488527	1
run	38966582	1
running	15547032	1
rushes	15547032	1
ruthless	23488527	1
s	3579086	2
s	62397582	1
s	23488527	1
s	3579086	1
s	23488527	1
s	3579086	1
s	23488527	4
s	3579086	10
s	23488527	1
s	3579086	4
s	23488527	2
s	3579086	1
s	23488527	2
s	3579086	1
s	23488527	1
s	3579086	2
s	23488527	1
s	3579086	2
s	23488527	1
s	3579086	1
s	23488527	1
s	38966582	1
s	15547032	1
s	38966582	4
s	15547032	3
s	38966582	1
s	49495844	1
s	38966582	7
s	8021609	1
s	38966582	1
s	24604084	1
s	38966582	1
s	24604084	1
s	15547032	1
s	24604084	1
s	15547032	1
saddle	15547032	1
said	8021609	1
saint	28380942	2
same	23488527	1
sand	38966582	1
sarin	24604084	1
sartre	23488527	1
satellite	38966582	2
saum	28380942	1
save	23488527	2
saves	23488527	1
saying	23488527	1
says	23488527	1
scene	15547032	1
scholarship	8021609	1
school	38966582	1
school	3579086	1
schuur	38966582	1
science	3579086	2
score	23488527	1
scored	23488527	1
scotland	3579086	1
scotland	62397582	1
scotland	3579086	1
scott	3579086	1
scottish	62397582	1
scrapped	15547032	1
screened	23488527	1
screening	20016047	3
screenplay	23488527	2
seasons	38966582	1
second	38966582	1
second	15547032	1
second	38966582	1
sect	24604084	1
see	28380942	1
seen	8021609	1
selected	38966582	1
sell	15547032	1
sell	3579086	1
sembello	38966582	1
semi	49495844	1
senior	38966582	1
sense	23488527	3
separate	15547032	2
september	15547032	1
september	8021609	1
sequel	24604084	1
sequel	23488527	1
sequence	23488527	1
series	3579086	21
serve	28380942	1
served	8021609	1
serves	28380942	1
sessions	38966582	1
set	8021609	1
set	15547032	1
set	23488527	1
sets	3579086	1
sets	23488527	1
setting	15547032	1
seventh	38966582	1
seventh	3579086	2
several	38966582	1
several	15547032	1
severed	24604084	1
sex	23488527	1
sexually	23488527	1
shakespeare	3579086	2
shangri	38966582	1
shantytown	15547032	2
shareholders	38966582	1
shashikumar	23488527	1
shaw	3579086	1
she	23488527	10
sheena	38966582	1
shelby	38966582	1
shelly	38966582	1
sherry	38966582	1
shilling	3579086	3
shinrikyo	24604084	2
shipped	15547032	1
shiva	23488527	1
shoestring	38966582	1
shoko	24604084	1
shoot	23488527	5
shop	38966582	1
shopping	28380942	1
short	20016047	2
short	38966582	1
short	20016047	2
short	23488527	2
shortly	38966582	1
shot	23488527	1
show	38966582	1
shows	23488527	3
shunter	15547032	2
shunting	15547032	2
side	38966582	1
significant	28380942	2
silver	15547032	3
similar	15547032	4
simon	38966582	3
simons	38966582	1
sinatra	38966582	1
since	38966582	1
since	8021609	1
since	38966582	1
since	3579086	4
singapore	15547032	1
single	8021609	1
sinéad	38966582	1
sir	3579086	1
sir	62397582	1
sister	23488527	1
site	3579086	1
site	38966582	1
six	15547032	1
sketch	3579086	1
sloopy	38966582	1
small	38966582	1
small	15547032	2
small	28380942	1
smaller	15547032	1
smyth	15547032	1
social	3579086	1
society	23488527	1
society	15547032	4
society	38966582	1
society	15547032	6
soho	3579086	1
sold	38966582	1
sold	15547032	2
sold	38966582	1
sold	49495844	1
sold	38966582	1
sold	15547032	1
some	15547032	1
some	23488527	1
someone	38966582	1
sometimes	3579086	1
son	38966582	1
song	8021609	1
song	23488527	1
songs	23488527	1
songwriters	38966582	1
sons	15547032	1
sons	3579086	1
sony	38966582	1
soorya	23488527	26
sound	23488527	1
sound	38966582	12
soundtrack	23488527	3
soundtracks	23488527	2
south	15547032	1
space	38966582	1
spinning	62397582	1
spokesman	24604084	1
sports	3579086	1
spot	23488527	1
springsteen	8021609	1
srs	38966582	4
st	28380942	3
st	38966582	1
st	28380942	1
staff	15547032	1
staple	38966582	2
star	15547032	4
starring	23488527	1
stars	23488527	1
start	38966582	1
started	38966582	1
started	62397582	3
state	23488527	2
state	38966582	2
states	8021609	5
station	38966582	3
stea	38966582	3
steam	15547032	8
steamrail	15547032	3
stella	3579086	1
stevie	38966582	1
stewart	38966582	1
still	38966582	1
still	3579086	1
stock	15547032	1
stone	38966582	1
stood	38966582	1
stood	8021609	1
stood	38966582	1
stop	28380942	1
stop	23488527	1
stopped	8021609	1
stops	23488527	1
store	28380942	2
stored	15547032	2
stores	28380942	3
stories	23488527	1
story	23488527	3
story	38966582	1
story	15547032	1
story	38966582	1
storylines	23488527	1
stream	15547032	1
street	38966582	2
street	15547032	1
street	38966582	17
street	8021609	1
street	38966582	10
street	15547032	1
street	38966582	1
streetlight	38966582	1
streets	23488527	1
stroud	15547032	1
structure	38966582	1
structure	3579086	1
structures	28380942	1
studio	38966582	43
studios	38966582	18
stuff	15547032	1
sturgess	15547032	1
style	15547032	1
style	38966582	1
subramanya	23488527	1
subsidiary	38966582	2
subway	24604084	1
success	23488527	1
successful	23488527	1
successful	24604084	1
such	23488527	1
suggests	23488527	1
sum	23488527	1
summary	20016047	1
summer	15547032	1
sumne	23488527	1
supermarkets	28380942	2
superstar	23488527	1
supervising	38966582	1
supplied	15547032	1
supply	15547032	1
supreme	8021609	1
surnames	38966582	1
survived	23488527	1
surviving	28380942	1
sutra	38966582	2
swear	23488527	1
t	3579086	1
t	23488527	1
t	3579086	1
taieri	15547032	1
talentmasters	38966582	1
tamil	23488527	2
tank	15547032	1
tanks	15547032	1
tape	23488527	1
tapes	38966582	1
tasmania	15547032	1
tasmanian	15547032	1
tatsuya	24604084	1
tavshanjian	8021609	1
taylor	38966582	2
tea	28380942	2
team	23488527	1
technical	38966582	1
technology	15547032	1
technology	38966582	1
telugu	23488527	2
tender	15547032	1
teresa	15547032	1
terms	15547032	2
terms	38966582	1
terrorism	24604084	1
text	3579086	1
textile	8021609	1
thailand	15547032	1
thalemyagondhsooru	23488527	1
thames	15547032	15
than	23488527	2
that	23488527	11
that	38966582	2
that	28380942	1
that	38966582	2
the	38966582	1
the	15547032	4
the	38966582	6
the	15547032	3
the	38966582	1
the	15547032	5
the	38966582	1
the	15547032	6
the	38966582	1
the	15547032	3
the	38966582	1
the	15547032	1
the	38966582	1
the	15547032	1
the	38966582	1
the	15547032	1
the	38966582	1
the	15547032	1
the	38966582	4
the	15547032	3
the	38966582	2
the	15547032	1
the	38966582	1
the	15547032	2
the	38966582	3
the	15547032	1
the	38966582	1
the	15547032	2
the	38966582	1
the	15547032	1
the	38966582	3
the	15547032	1
the	38966582	2
the	15547032	3
the	38966582	1
the	15547032	2
the	38966582	1
the	15547032	1
the	38966582	1
the	15547032	1
the	38966582	3
the	15547032	1
the	38966582	3
the	8021609	1
the	38966582	1
the	15547032	1
the	38966582	1
the	8021609	1
the	15547032	1
the	38966582	2
the	15547032	1
the	38966582	5
the	8021609	1
the	15547032	1
the	38966582	1
the	8021609	1
the	38966582	2
the	8021609	2
the	15547032	1
the	38966582	1
the	49495844	1
the	8021609	2
the	38966582	1
the	28380942	1
the	38966582	1
the	15547032	1
the	38966582	1
the	28380942	1
the	8021609	2
the	15547032	1
the	28380942	1
the	8021609	1
the	28380942	1
the	15547032	1
the	28380942	1
the	38966582	1
the	15547032	1
the	8021609	2
the	28380942	3
the	8021609	1
the	38966582	4
the	28380942	1
the	38966582	1
the	15547032	1
the	28380942	2
the	38966582	2
the	8021609	1
the	28380942	1
the	8021609	2
the	38966582	2
the	8021609	4
the	38966582	1
the	15547032	1
the	20016047	2
the	8021609	2
the	38966582	5
the	20016047	1
the	15547032	1
the	38966582	1
the	8021609	1
the	38966582	1
the	8021609	1
the	15547032	1
the	38966582	1
the	8021609	1
the	38966582	1
the	24604084	3
the	15547032	1
the	24604084	2
the	15547032	1
the	24604084	1
the	38966582	1
the	24604084	6
the	23488527	8
the	3579086	4
the	23488527	1
the	3579086	1
the	23488527	1
the	3579086	1
the	23488527	9
the	3579086	1
the	62397582	1
the	3579086	2
the	23488527	3
the	3579086	1
the	23488527	1
the	3579086	3
the	23488527	3
the	62397582	1
the	3579086	2
the	62397582	1
the	23488527	1
the	3579086	1
the	23488527	1
the	3579086	1
the	23488527	2
the	3579086	1
the	23488527	1
the	62397582	1
the	3579086	1
the	23488527	1
the	62397582	2
the	23488527	1
the	3579086	1
the	23488527	4
the	3579086	1
the	23488527	5
the	3579086	1
the	23488527	6
the	3579086	2
the	23488527	3
the	3579086	1
the	23488527	3
the	3579086	1
the	23488527	4
the	3579086	1
the	23488527	2
the	3579086	1
the	23488527	2
the	3579086	1
the	23488527	1
the	3579086	1
the	23488527	2
the	3579086	1
the	23488527	1
the	3579086	1
the	23488527	1
the	3579086	1
the	23488527	3
the	3579086	4
the	23488527	2
the	3579086	3
the	23488527	2
the	3579086	1
the	23488527	1
the	3579086	2
the	23488527	3
the	3579086	2
the	23488527	2
their	23488527	1
their	62397582	1
their	23488527	2
their	3579086	1
their	15547032	1
their	38966582	1
their	24604084	1
their	15547032	1
their	38966582	2
themselves	23488527	1
then	62397582	1
then	3579086	1
then	23488527	1
then	3579086	1
then	8021609	1
then	15547032	1
then	38966582	1
then	8021609	1
there	38966582	6
there	15547032	1
there	38966582	2
there	28380942	1
there	15547032	1
there	38966582	2
these	15547032	1
these	28380942	1
they	8021609	3
they	15547032	2
they	8021609	1
they	15547032	1
they	8021609	1
they	38966582	1
they	62397582	1
they	23488527	2
they	62397582	1
they	3579086	1
they	62397582	1
think	38966582	1
third	38966582	2
thirunelvelli	62397582	1
this	23488527	4
this	3579086	1
this	23488527	1
this	3579086	1
this	15547032	1
this	28380942	1
this	38966582	3
those	28380942	1
those	23488527	1
thoughts	23488527	1
three	23488527	1
three	15547032	1
three	38966582	1
thriller	23488527	3
through	23488527	1
through	15547032	1
thumb	15547032	2
thumb	8021609	1
thumb	15547032	1
thumb	3579086	1
ties	24604084	1
timber	15547032	2
time	38966582	1
times	23488527	2
timmy	15547032	1
tinnevelly	62397582	1
tiri	15547032	2
title	23488527	1
titles	3579086	1
tms	15547032	14
to	8021609	1
to	38966582	2
to	20016047	1
to	38966582	3
to	15547032	1
to	38966582	1
to	15547032	1
to	8021609	1
to	15547032	1
to	38966582	1
to	8021609	1
to	15547032	1
to	38966582	2
to	8021609	1
to	24604084	1
to	38966582	1
to	15547032	3
to	38966582	3
to	8021609	1
to	15547032	1
to	28380942	1
to	15547032	1
to	38966582	3
to	15547032	2
to	38966582	1
to	20016047	1
to	8021609	1
to	38966582	1
to	15547032	3
to	49495844	1
to	15547032	3
to	38966582	1
to	23488527	1
to	3579086	1
to	23488527	7
to	3579086	1
to	23488527	1
to	3579086	1
to	23488527	11
to	3579086	1
to	23488527	2
to	3579086	1
to	62397582	1
to	23488527	8
to	3579086	2
to	23488527	13
to	3579086	1
to	23488527	3
tokomaru	15547032	1
tokyo	24604084	1
tom	15547032	1
tom	38966582	2
tomaszewski	3579086	1
tommy	38966582	1
tons	8021609	1
tony	38966582	3
tormented	20016047	1
torn	38966582	1
toronto	38966582	1
torture	23488527	1
tr	15547032	33
tractor	15547032	3
trade	8021609	1
train	15547032	1
tramway	15547032	5
tramways	15547032	1
transferred	15547032	1
transport	15547032	2
trap	23488527	1
travel	3579086	2
traveled	62397582	1
trialled	15547032	1
tries	23488527	2
triggering	23488527	1
troubled	24604084	1
troy	38966582	1
trucks	15547032	1
trucks	38966582	1
trunk	15547032	1
trust	15547032	3
truth	23488527	1
truths	23488527	1
tunnel	15547032	1
turbine	15547032	2
turbines	15547032	2
turkey	8021609	3
turkic	8021609	1
turn	23488527	1
turns	23488527	1
tuticorin	62397582	2
tv	38966582	2
twenty	3579086	3
two	23488527	1
two	15547032	2
two	38966582	4
two	15547032	1
type	15547032	19
types	15547032	3
u	23488527	1
udaya	23488527	4
unable	23488527	2
unable	15547032	1
uncertain	38966582	1
unconscious	23488527	1
undated	15547032	1
under	38966582	1
under	15547032	3
under	38966582	1
under	23488527	1
understand	23488527	1
union	8021609	1
union	38966582	1
unique	38966582	1
unique	24604084	1
unit	8021609	1
united	8021609	2
united	38966582	1
united	8021609	3
universal	23488527	1
university	3579086	1
unreleased	23488527	1
until	15547032	1
until	20016047	1
until	28380942	1
until	15547032	1
up	38966582	2
up	15547032	1
up	28380942	1
up	38966582	1
up	15547032	1
up	38966582	1
up	8021609	2
up	23488527	1
updated	15547032	1
upendra	23488527	9
upgrade	38966582	2
uploaded	20016047	1
uppi	23488527	2
uppity	23488527	1
us	15547032	1
use	15547032	1
use	38966582	1
used	15547032	2
used	38966582	1
used	15547032	1
used	23488527	2
users	15547032	1
utexas	3579086	1
v	23488527	2
v	15547032	2
valley	15547032	1
valli	38966582	1
van	38966582	1
variety	3579086	1
various	15547032	1
vehicle	15547032	1
vennell	15547032	1
version	15547032	3
version	23488527	2
verve	38966582	1
vice	38966582	1
views	23488527	1
village	38966582	1
vincent	38966582	5
vintage	15547032	4
violence	23488527	1
virudupatti	62397582	2
volumes	3579086	1
w	15547032	2
w	49495844	1
w	38966582	1
wab	15547032	2
wagons	15547032	2
waimea	15547032	1
waiorongomai	15547032	1
wairarapa	15547032	1
waitara	15547032	3
walk	38966582	1
walking	38966582	1
walking	23488527	1
wall	23488527	1
walter	3579086	2
wandering	23488527	1
wanders	23488527	1
wanganui	15547032	3
wanted	23488527	2
wants	23488527	3
ward	38966582	1
warner	38966582	1
warwick	38966582	1
was	38966582	1
was	15547032	1
was	38966582	2
was	15547032	3
was	38966582	2
was	20016047	2
was	38966582	1
was	8021609	1
was	15547032	1
was	38966582	3
was	15547032	1
was	38966582	1
was	8021609	1
was	38966582	1
was	8021609	1
was	38966582	1
was	15547032	1
was	38966582	1
was	15547032	1
was	28380942	1
was	15547032	1
was	38966582	1
was	28380942	1
was	38966582	2
was	15547032	1
was	24604084	1
was	15547032	1
was	28380942	1
was	15547032	1
was	24604084	1
was	38966582	2
was	8021609	1
was	15547032	1
was	38966582	4
was	49495844	1
was	38966582	1
was	15547032	1
was	23488527	6
was	3579086	1
was	23488527	1
was	3579086	1
was	23488527	2
was	62397582	1
was	23488527	3
was	3579086	1
was	23488527	2
was	3579086	2
was	23488527	3
was	3579086	1
watch	23488527	1
water	3579086	1
water	15547032	1
waverly	3579086	1
way	23488527	1
way	38966582	1
we	38966582	1
weakness	23488527	1
wealthy	23488527	1
website	8021609	1
website	15547032	1
webster	38966582	1
weeks	23488527	1
weighing	8021609	1
weinberg	38966582	1
weintraub	38966582	1
weka	15547032	1
well	28380942	1
well	23488527	1
wellington	15547032	3
went	3579086	1
were	62397582	1
were	23488527	2
were	3579086	1
were	8021609	2
were	38966582	1
were	15547032	1
were	28380942	1
were	38966582	1
were	15547032	3
were	8021609	1
were	24604084	1
were	15547032	1
were	38966582	1
were	8021609	1
were	28380942	1
were	15547032	1
were	38966582	1
werner	3579086	1
west	38966582	5
west	20016047	1
west	38966582	18
westland	15547032	1
westminster	3579086	1
wf	15547032	4
whangarei	15547032	1
what	38966582	1
wheeler	15547032	3
when	15547032	1
where	38966582	1
where	23488527	3
which	3579086	1
which	23488527	5
which	3579086	1
which	23488527	1
which	38966582	2
which	24604084	1
which	8021609	1
which	28380942	1
which	15547032	1
while	23488527	3
whitaker	3579086	3
white	15547032	1
who	38966582	1
who	8021609	1
who	38966582	1
who	8021609	1
who	38966582	1
who	24604084	1
who	15547032	1
who	38966582	1
who	15547032	1
who	38966582	1
who	3579086	1
who	23488527	2
who	3579086	1
who	23488527	2
who	3579086	2
who	23488527	3
who	3579086	1
who	23488527	3
who	3579086	1
who	23488527	2
wholly	38966582	1
whom	23488527	1
why	3579086	1
wide	3579086	1
william	15547032	2
wilson	15547032	1
wisden	3579086	2
with	23488527	8
with	15547032	1
with	38966582	2
with	15547032	1
with	38966582	5
with	15547032	2
with	38966582	1
within	23488527	1
without	23488527	2
wodehouse	3579086	1
wolsey	3579086	2
woman	23488527	2
women	23488527	1
won	23488527	2
won	15547032	1
wonder	38966582	1
work	28380942	1
work	38966582	1
workforce	15547032	1
working	8021609	1
working	38966582	1
workings	24604084	1
works	15547032	2
works	3579086	3
workshop	15547032	1
workshops	15547032	1
world	38966582	1
world	15547032	2
world	3579086	2
world	23488527	1
would	23488527	1
would	3579086	1
wounded	23488527	1
writer	20016047	1
writers	3579086	1
written	23488527	2
wrong	23488527	1
wrote	8021609	1
yacht	15547032	1
yakus	38966582	1
yanofsky	38966582	1
yard	15547032	1
yash	23488527	1
year	62397582	3
year	24604084	1
year	15547032	1
year	24604084	1
yearbook	3579086	1
years	3579086	1
years	15547032	1
years	8021609	1
years	38966582	1
years	8021609	1
york	38966582	1
york	8021609	1
york	38966582	7
york	8021609	1
york	38966582	3
york	8021609	1
young	8021609	1
young	24604084	1
youtube	20016047	1
zabelle	8021609	1
zealand	15547032	14
